游댳 Unique Values in Each Column
========================================

游릴 Column: gender
----------------------------------------
Male
Female


游릴 Column: SeniorCitizen
----------------------------------------
0
1


游릴 Column: Partner
----------------------------------------
Yes
No


游릴 Column: Dependents
----------------------------------------
Yes
No


游릴 Column: tenure
----------------------------------------
72
8
41
18
21
19
61
17
70
49
11
15
67
26
2
51
16
22
13
43
3
54
1
69
62
31
33
44
10
23
66
5
9
36
68
35
60
45
37
7
4
12
42
24
59
71
6
20
40
46
14
34
52
38
58
39
25
65
28
64
55
30
48
63
29
32
56
27
47
57
50
53
0


游릴 Column: PhoneService
----------------------------------------
Yes
No


游릴 Column: MultipleLines
----------------------------------------
Yes
No
No phone service


游릴 Column: InternetService
----------------------------------------
Fiber optic
DSL
No


游릴 Column: OnlineSecurity
----------------------------------------
Yes
No
No internet service


游릴 Column: OnlineBackup
----------------------------------------
Yes
No
No internet service


游릴 Column: DeviceProtection
----------------------------------------
Yes
No
No internet service


游릴 Column: TechSupport
----------------------------------------
Yes
No
No internet service


游릴 Column: StreamingTV
----------------------------------------
Yes
No
No internet service


游릴 Column: StreamingMovies
----------------------------------------
Yes
No
No internet service


游릴 Column: Contract
----------------------------------------
Two year
Month-to-month
One year


游릴 Column: PaperlessBilling
----------------------------------------
Yes
No


游릴 Column: PaymentMethod
----------------------------------------
Credit card (automatic)
Electronic check
Bank transfer (automatic)
Mailed check


游릴 Column: MonthlyCharges
----------------------------------------
114.05
100.15
78.35
78.2
82.65
99.85
99.15
24.1
19.75
45.05
106.05
114.85
30.2
84.8
48.8
84.5
19.5
91.0
105.7
35.4
74.85
28.5
20.05
19.8
69.15
54.55
89.25
102.25
25.1
89.45
90.05
24.2
20.55
23.4
90.4
96.1
44.95
19.9
74.5
55.25
20.3
91.45
70.4
19.6
65.4
110.1
75.25
66.65
20.35
75.6
102.45
19.95
51.0
51.2
77.65
63.7
85.5
40.9
74.55
20.4
91.2
50.7
54.9
60.4
49.55
74.05
80.05
25.0
20.25
76.1
78.95
73.0
111.1
74.4
20.45
19.65
80.1
98.6
89.55
19.7
114.1
73.85
25.05
102.8
110.8
85.8
95.9
20.6
74.95
45.95
38.25
69.95
20.0
25.2
20.1
104.85
70.0
78.3
109.8
57.45
110.5
64.3
105.25
24.5
90.7
24.9
24.8
107.4
43.3
80.0
104.1
20.75
95.5
76.35
91.3
70.6
80.8
89.15
91.25
40.65
110.35
64.9
66.15
55.65
20.85
54.65
80.6
99.45
114.7
105.4
75.05
49.4
18.25
111.05
96.75
69.7
87.9
40.4
78.15
99.4
55.3
77.0
26.05
78.75
29.95
45.4
85.25
104.05
19.55
95.2
20.65
55.0
106.55
76.15
69.8
79.5
69.4
19.4
96.55
70.2
25.3
88.4
50.15
29.9
74.9
50.05
89.4
67.45
49.9
65.35
81.0
89.8
49.95
79.85
105.35
83.85
44.3
99.0
80.55
60.6
24.25
93.15
49.75
99.9
89.05
56.15
34.65
64.95
94.2
78.9
65.25
95.8
64.85
49.8
20.9
94.55
98.45
104.25
111.15
90.2
81.8
76.05
68.55
45.0
100.85
30.4
89.95
105.15
59.2
98.15
26.1
74.0
18.85
84.1
46.0
20.2
88.8
100.55
101.4
113.75
25.4
73.5
65.85
111.5
48.6
24.85
49.2
25.85
115.5
85.95
85.55
88.35
24.95
79.55
106.7
55.7
85.0
20.15
70.45
116.8
66.3
90.45
94.3
19.0
24.6
45.9
108.15
74.1
70.8
95.15
61.55
73.05
69.45
53.5
75.0
99.35
44.45
21.0
76.65
96.35
70.35
50.45
69.5
108.75
88.75
81.2
79.6
100.45
66.25
90.8
71.45
69.75
59.65
19.85
63.8
69.55
51.1
62.05
98.3
66.4
75.9
60.65
50.85
24.45
59.1
109.1
101.3
115.85
94.9
35.1
24.65
109.45
55.15
115.65
53.75
61.6
90.6
89.75
98.1
74.25
90.1
56.3
112.95
19.45
100.7
19.35
87.95
59.5
49.25
99.1
75.65
105.5
35.8
25.15
19.2
40.1
103.15
20.5
45.85
114.45
20.7
80.95
48.85
98.35
35.45
89.85
91.15
75.5
29.75
19.3
48.75
74.75
49.15
106.75
19.1
20.8
75.85
69.6
104.0
23.9
102.6
35.0
80.5
76.8
60.55
67.25
73.75
55.8
105.75
103.75
70.9
72.35
66.85
100.3
26.2
94.0
41.6
111.3
97.95
87.25
60.3
58.95
48.55
45.55
81.7
109.2
65.2
108.25
48.2
81.05
72.65
71.05
64.0
34.5
111.4
63.9
67.4
18.8
95.65
84.25
103.9
23.65
93.65
69.0
104.45
25.95
95.4
70.7
23.75
78.8
62.8
89.2
75.55
84.6
102.0
92.05
97.65
105.65
81.15
44.65
43.75
94.7
97.0
107.9
48.95
116.6
58.35
80.15
100.0
93.5
80.45
84.9
64.4
70.75
39.1
50.25
35.05
29.65
54.2
25.25
18.95
86.1
24.4
70.3
85.4
42.6
81.75
106.15
110.05
56.7
81.4
76.9
84.15
41.15
96.4
83.9
50.75
95.3
74.35
94.15
70.55
71.65
100.25
100.05
99.3
100.5
23.5
103.2
106.25
90.55
88.6
76.45
87.05
106.4
24.05
37.7
96.6
86.0
69.9
105.3
59.6
90.5
19.05
98.85
39.9
72.25
62.65
75.4
110.9
25.55
100.95
75.3
19.25
30.5
70.15
79.4
85.3
89.9
94.45
48.65
104.7
50.3
110.6
100.2
49.35
55.2
52.2
84.7
50.2
110.25
109.15
103.95
92.45
53.95
50.8
40.3
94.95
38.55
79.3
64.65
79.8
91.35
76.5
24.3
79.75
25.35
99.8
61.9
54.7
106.95
18.9
24.75
83.55
94.05
56.8
55.95
80.65
79.15
90.65
53.65
23.55
69.1
57.2
61.45
90.75
92.0
52.85
71.0
68.75
25.75
94.1
85.75
84.85
92.4
54.3
80.85
84.35
80.35
57.95
49.65
39.0
63.3
35.2
68.8
109.05
85.7
50.1
84.4
73.9
70.1
49.0
79.2
45.3
95.7
54.25
109.7
75.7
84.0
106.35
108.65
97.7
78.05
66.1
96.2
75.2
68.45
53.7
90.85
67.5
75.75
57.55
81.35
65.5
59.0
101.15
31.0
72.95
69.35
24.35
53.85
99.2
68.25
50.5
70.95
50.35
58.55
85.65
84.05
94.4
65.05
35.65
44.15
98.75
88.1
49.85
45.1
77.85
108.95
105.2
110.15
103.5
86.5
40.2
100.9
66.6
71.85
99.7
59.9
98.0
109.55
60.35
39.55
107.25
83.15
68.65
79.35
93.05
79.65
67.75
95.55
101.9
64.05
70.05
74.7
85.35
25.6
66.5
58.6
72.75
103.7
29.1
108.1
59.85
56.05
79.0
66.05
106.5
114.9
79.95
43.95
44.8
84.3
88.95
93.4
88.7
44.1
92.3
43.55
26.0
69.65
89.6
44.0
97.25
77.35
85.6
100.75
97.8
89.5
109.5
106.1
60.8
115.15
72.9
103.85
60.25
65.7
51.35
79.9
64.15
59.8
95.95
90.35
100.35
74.65
97.2
62.45
114.95
95.1
95.6
105.05
92.15
40.25
113.15
99.5
29.15
107.75
67.8
116.0
85.05
25.7
81.65
44.75
87.55
75.8
94.65
104.75
45.25
105.0
39.4
33.9
105.9
74.3
76.25
86.05
36.15
72.15
94.25
101.95
86.9
54.45
43.9
86.2
64.2
99.25
24.7
35.55
108.9
21.2
45.35
98.9
98.05
51.45
94.75
59.55
38.5
82.3
113.2
29.3
104.4
45.2
93.55
63.15
45.8
95.45
75.45
104.6
82.55
96.05
61.35
82.85
74.15
104.65
110.75
53.4
80.7
18.7
89.7
56.55
40.15
113.65
55.4
77.15
60.05
36.1
73.55
54.8
83.75
74.8
108.2
109.75
70.65
20.95
89.65
49.7
49.5
59.7
102.7
102.85
68.7
53.8
44.55
70.5
54.95
89.1
53.35
95.25
95.85
93.8
111.95
34.0
96.65
108.55
108.5
40.55
50.0
107.7
65.65
75.1
95.05
81.3
83.25
61.4
61.65
64.5
78.85
70.25
53.15
79.05
34.7
65.9
51.3
106.0
56.35
50.6
69.05
99.05
98.25
88.15
69.25
108.3
73.1
61.3
87.2


游릴 Column: TotalCharges
----------------------------------------
8468.2
908.55
3211.2
1468.75
5919.35
1992.55
1956.4
439.2
1311.6
770.6
7554.05
8317.95
1453.1
906.85
953.65
6130.85
159.35
1430.05
6816.95
978.6
156.4
629.35
923.1
350.1
3649.6
825.1
1907.85
1359
1070.15
240.45
4931.8
24.2
1403.1
1429.65
168.2
6019.35
85.15
1356.7
74.5
1715.65
1356.3
171.45
2406.1
55.25
2774.55
1043.3
576.7
520.95
1442.65
1758.6
1697.7
102.45
58
286.8
51.2
714.15
2188.5
5696.6
1383.6
1205.05
5430.65
930.45
3247.55
350.35
151.3
54.9
272.15
878.35
872.65
80.05
1738.9
835.5
1712.7
2034.25
5163
323.15
6555.2
896.75
42.45
1335.2
337.9
5585.4
1704.95
89.55
94.45
7132.15
401.3
25.05
2110.15
6640.7
1727.5
2234.95
827.3
1710.45
45.95
1755.35
320.4
1396
25.2
43.15
1531.4
740
1033.95
3587.25
990.85
1301.1
7752.05
3410.6
7173.15
717.3
1497.9
237.65
664.4
49.7
24.8
7748.75
123.65
1029.35
7447.7
1185.95
6707.15
76.35
4965
1790.6
70.6
4860.85
2257.75
3382.3
2351.8
208.25
20.4
933.3
7246.15
1509.8
3199
2421.75
161.65
1517.5
5708.2
7007.6
7849.85
6794.75
202.9
3251.85
534.7
7321.05
851.2
5238.9
1490.4
1500.5
1842.7
765.15
7285.7
875.35
237.75
565.75
426.35
29.95
45.4
3132.75
6605.55
2181.75
1463.45
936.85
4285.8
38.7
1885.15
5763.3
416.4
4929.55
1540.35
79.5
3058.3
19.4
1901.65
760.05
1554.9
1584.8
2191.15
2139.1
330.15
1388.75
469.8
179.35
1322.85
4869.5
4508.65
130.1
1231.85
4976.15
4667
49.95
1471.75
483.15
3465.05
2674.15
2666.75
1859.5
6017.9
1406.65
1297.8
452.55
172.35
838.5
61.05
6368.2
2535.55
92.05
1311.3
6137
107.1
2177.45
373.5
3487.95
768.45
4523.25
2607.6
2447.95
1994.3
5655.45
2010.95
836.35
518.3
1173.55
6145.2
1416.5
147.55
2433.9
574.35
4507.15
1776.55
2964.05
4534.45
318.9
6014.85
564.35
2689.35
3527.3
78.65
2448.75
5974.3
7555
59.2
1230.25
453.75
450.65
225.55
4052.4
583.3
163.2
473.9
5979.7
221.7
470.2
140.95
1672.35
4304
6841.05
238.5
6561.25
1710.9
377.55
73.5
1561.5
139.4
3928.3
4915.15
48.6
92.25
1901
103.7
25.85
8425.15
514.6
85.55
1648.45
88.35
265.45
190.25
223.6
49.9
351.55
958.25
1253.9
899.8
6994.6
2624.25
682.15
19.9
4300.45
8456.75
1923.5
57.4
2509.25
2679.7
233.55
1266.4
693.45
1790.8
3432.9
450.9
4448.8
997.65
1093.2
4688.65
477.05
91.45
147.5
356.65
233.65
3517.9
2763.35
1908.35
1171.5
6856.45
792.15
21
333.6
3190.25
139.25
50.45
246.7
2625.25
2471.6
7156.2
4965.1
5589.45
20.45
4941.8
6435.25
1533.8
6397.6
5025.85
144.55
2536.55
948.9
535.05
4684.3
69.55
2092.9
62.05
85
6859.5
1022.6
1313.55
2245.4
1622.45
1549.75
3110.1
743.3
466.6
1709.1
1011.05
6393.65
2974.5
6567.9
1048.85
68.75
471.35
2898.95
6572.85
1319.85
7968.85
648.65
1611
695.85
1020.2
608.8
2510.7
3089.1
3094.05
2598.95
685.55
2364
1886.25
6465
270.2
6018.65
20.05
309.25
522.35
415.95
501.2
49.25
713.1
900.9
1426.4
608.5
5411.4
2686.05
1782
476.8
532.1
857.75
6895.5
759.35
45.85
8375.05
20.7
4859.1
369.25
1240.15
736.8
35.9
995.35
2515.3
1958.95
20.2
1424.95
147.15
2995.45
2018.1
301.9
195.05
28.3
633.4
2453.3
4126.35
649.4
4056.75
1143.8
20.8
647.5
207.4
1363.45
1296.15
419.4
6363.45
97.5
6296.75
1782.4
80.5
5222.3
5468.45
1982.6
832.3
6109.65
871.4
1941.5
4228.55
59.75
4188.4
4677.1
4991.5
458.1
268.45
4222.95
1077.5
4871.45
816.8
1326.25
3969.4
1551.6
3871.85
470.6
521.8
7482.1
4917.9
7325.1
6328.7
3268.05
2511.3
601.6
279.3
4805.3
501
2108.35
2548.65
7049.75
3965.05
1784.5
5935.1
340.35
2227.1
1194.3
472.65
370.25
1663.5
279.25
1183.05
3334.95
3306.85
279.2
171.15
5088.4
1968.1
572.85
6767.1
108.65
1416.75
244.45
4520.15
994.8
865
4863.85
1444.05
4445.3
129.2
1679.25
3597.5
2278.75
5500.6
1093
115.1
4707.85
360.1
6529.25
5755.8
6743.55
443.9
2780.6
4126.2
1156.55
405.7
5468.95
805.2
3021.3
7475.85
2001.5
1880.85
2656.5
7049.5
19.45
740.55
1028.75
1790.65
18.8
3835.55
362.2
3201.55
5785.65
581.7
1629.2
154.85
971.3
2203.65
4693.2
80
1620.25
118.5
250.8
3958.2
3297
140.4
1841.2
185.6
469.65
3861.45
2070.75
1417.9
144
425.9
72.4
2028.8
6411.25
5686.4
113.55
6383.35
4354.45
5023
1821.95
132.2
1581.2
2276.95
1195.25
48.75
497.55
50.75
558.8
19.3
5817.7
2747.2
876.15
2029.05
890.5
3320.6
1430.95
1496.45
2614.1
2398.4
265.35
5731.85
150
1266.1
1959.5
2419
5437.1
778.1
71.65
6689
498.1
1595.5
2718.3
153.95
1301.7
1424.6
3480
918.75
467.15
2139.2
3653.35
173
587.7
1124.2
44.2
5744.35
6979.8
1410.25
1199.4
6239.05
6201.95
76.45
19.75
673.2
762.1
5127.95
1709.15
1270.25
64.55
2288.7
291.9
1532.45
69.9
545.2
2970.3
1910.6
761.85
4564.9
2796.35
38.25
 
2568.55
27.55
4375.8
1189.4
8240.85
3460.95
1336.1
3532.25
4408.45
329.95
75.3
112.3
208.7
4245.55
3715.65
1156.1
264.8
1360.25
3895.35
38
1395.05
1789.9
2654.05
400.3
6457.15
572.45
1389.35
5042.75
2575.45
4480.7
235.2
6333.8
92.75
1423.15
113.5
6586.85
2983.8
3321.35
1301.9
528.35
52.2
2978.3
5991.05
1815.3
7279.35
6557.75
708.2
463.05
5231.3
6440.25
2215.4
202.3
1794.8
5791.85
357
256.6
1725
5084.65
4224.7
187.35
280
2626.15
2414.55
2347.85
1138.8
4914.8
1208.6
5764.7
2868.15
1778.7
5958.85
95.65
769.1
25.35
442.85
2869.85
2924.05
1178.75
5785.5
2117.25
347.65
1234.6
1218.45
130.55
1329.15
2894.55
633.45
50.05
3756.45
220.6
3444.85
1074.65
734.35
5542.55
79.15
367.95
53.5
1355.45
1082.8
1173.35
595.5
69.1
223.75
20.3
834.2
229.55
164.3
512.25
6632.75
1498.65
71
353.65
4447.55
1050.5
3626.35
1071.6
6333.4
25.75
5638.3
1875.55
233.9
2146.5
1128.1
84.85
2349.8
2088.45
2090.25
4947.55
5251.75
2390.45
399.45
78.8
1581.95
1302.65
307.4
959.9
1271.8
2409.9
265.75
6130.95
2337.45
4189.7
108.95
4111.35
278.85
4107.3
7108.2
169.8
709.5
7508.55
356.15
3687.85
556.35
3958.25
3913.3
20.1
749.25
3233.85
3888.65
528.45
6637.9
5224.5
529.5
2878.75
67.1
414.95
6241.35
583
7344.45
839.4
75.7
424.75
403.15
69.5
494.95
3549.25
390.4
4903.2
3410
1242.45
2209.75
6510.45
2455.05
2135.5
4428.45
166.3
3183.4
1036.75
1682.4
3035.35
280.85
4925.35
4300.8
4014
1375.4
521
241.3
954.9
180.3
5514.95
1222.25
3186.7
106.9
527.9
3804.4
1544.05
1618.2
4264.25
161.45
5398.6
58.9
1448.6
6590.5
573.15
146.3
1654.45
525.55
3956.7
913.3
95.05
78.25
5265.55
4653.25
1654.6
1083.7
616.9
90.85
628.65
259.8
4062.2
1339.8
576.95
355.1
678.2
50.5
490.55
137.95
1080.55
314.55
3503.5
7069.25
1332.4
2664.3
186.05
5610.25
1427.55
425.1
5199.8
44.15
1123.65
4533.7
5526.75
194.2
5135.35
518.75
1090.1
1336.15
2062.15
45.1
231.45
3145.9
299.2
1400.55
4025.5
4822.85
70
7881.2
6479.4
1808.7
1525.35
5552.05
979.5
3827.9
4164.4
4009.2
2967.35
1654.7
2816.65
1343.4
1013.2
5270.6
19.95
101.1
8165.1
2896.4
373
1394.55
3846.35
6033.3
2848.45
475.2
1493.2
1847.55
79.35
5193.2
3942.45
136.05
6735.05
1928.7
2237.55
193.8
116.65
2510.2
5549.4
2088.75
883.35
256.25
4492.9
2107.15
302.6
606.25
309.4
165.4
332.5
1346.9
1070.25
4317.35
77.75
3369.25
1888.25
4811.6
1334.5
63
653.25
485.25
3238.4
2723.4
317.75
4730.6
688
44.65
19.25
5067.45
562.6
3483.45
1553.2
967.9
303.15
1652.4
4282.4
7843.55
2553.7
1498.2
1043.4
43.95
701.3
300.8
1042.65
169.65
2281.6
2072.75
5895.45
8496.7
4589.85
858.6
5822.3
3580.3
6301.7
226.8
5647.95
2413.05
220.65
749.35
60.65
5731.45
447.75
313.4
335.4
19.8
2554
1776
1633
20.25
5480.25
1032.05
44
4619.55
7133.1
5396.25
326.65
1398.25
19.65
813.85
5985
3023.85
7261.25
5458.8
1756.6
2196.15
674.55
7028.5
7854.9
1748.9
2847.4
184.4
5430.35
533.05
219.65
2042.05
8250
5139.65
2215
3282.75
5522.7
1258.6
798.2
215.8
1191.4
4575.35
1132.35
3566.6
2075.1
153.05
324.3
8086.4
4254.1
1246.4
824.85
865.85
1745.5
434.5
2799
2308.6
7413.55
53.95
6910.3
2045.55
5212.65
179.85
3953.15
6719.9
8196.4
306.6
605.25
95.1
18.85
1273.3
3021.6
3292.3
7171.7
6480.9
20.6
411.45
3046.4
7856
6822.15
497.3
220.8
29.15
1153.25
4882.8
653.15
8182.85
85.05
826.1
3618.7
44.75
2168.15
938.95
4884.85
74.25
160.75
323.25
6079
4323.45
2006.95
1539.75
724.65
3139.8
5576.3
2007.25
857.25
7611.55
825.4
817.95
4024.2
4959.6
167.5
191.1
298.45
5550.1
2585.95
334.65
1178.25
1729.35
2597.6
804.85
1445.2
520.1
4627.85
222.3
6780.1
2841.55
49.8
1400.85
191.35
1818.9
2434.45
682.1
1597.25
6501.35
1779.95
209.1
794.25
247
540.05
3217.55
700.85
6194.1
1893.5
6151.9
958.1
4298.45
3097.2
2025.1
2341.55
1270.2
2106.3
665.45
184.1
780.2
35.55
2809.05
8312.75
20.55
5985.75
3539.25
52.05
5981.65
89.5
1064.95
713
1758.9
2640.55
3653
1938.05
1646.45
2763
375.25
4801.1
346.2
2473.95
5815.15
4689.5
6674.65
1224.05
1336.8
1090.6
6405
1165.55
7386.05
45.2
3055.5
467.5
143.65
45.8
3131.8
2162.6
1893.95
1169.35
1285.8
655.3
5841.35
95.45
74.3
1943.2
480.75
2180.55
3389.25
5832.65
1188.25
1740.7
3766.2
369.3
70.45
2320.8
1387
2238.5
4109
7288.4
1274.05
7751.7
7467.55
3579.15
1614.2
383.65
4304.5
273.25
35.85
407.05
118.25
130.75
571.45
7939.25
4399.5
720.1
1049.6
55.4
77.15
4176.7
2298.9
1260.7
4764
4326.8
4144.8
452.8
247.25
5315.8
1737.45
349.65
2203.7
8075.35
1401.15
142.35
1702.9
85.5
2596.15
3348.1
1218.25
312.7
1414.2
1057
1505.15
2550.9
212.4
68.2
316.9
69.6
1344.5
5138.1
24.6
3251.3
154.55
6976.75
4070.95
1345.85
632.2
283.95
174.3
3486.65
6825.65
1336.35
4713.4
95.55
1916
1949.4
3090.05
5427.05
1225.65
2475.35
3877.95
1130.85
3019.5
119.3
4577.75
4616.1
6418.9
4261.2
4872.45
1004.35
6010.05
1505.35
99.6
246.3
62
1244.5
5750
3255.35
7616
3078.1
6880.85
1308.4
666.75
217.5
1474.9
59.85
1008.7
1226.45
7919.8
4868.4
2727.3
1502.25
3047.15
552.95
503.6
4804.65
2723.75
2200.7
4391.45
4888.7
1108.8
3190.65
308.05
1864.65
20.75
358.15
6312.9
74.1
713.75
2145
177.4
3126.85
468.35
70.25
1680.25
1522.7
19.55
1183.2
1025.15
1818.3
1215.6
248.95
4089.45
4663.4
1520.9
296.1
633.3
5034.05
660.05
220.45
926
411.6
6547.7
4209.95
2391.15
249.95
1958.45
5295.7
4858.7
6148.45
69.25
7679.65
4144.9
220.4
19.05
144.15
732.5
1316.9
5215.25
3346.8
761.95
4345
487.95
93.55
1051.9
5165.7


游릴 Column: Churn
----------------------------------------
No
Yes


